10611
171405
50729
409491
187870
59067
143827
595256
436088
736821
896712
38450
941183
780727
806095
248958
950762
741462
923337
908268
984562
391614
121028
191529
677035
750101
570363
407003
528720
837708
799690
934307
364530
753560
252854
923120
183672
283865
300466
351061
992321
369489
865280
185741
211869
494019
739174
546036
605352
398607
871662
143650
727484
476209
155799
903814
450404
235479
104583
783518
401930
887432
559162
114682
218002
908654
678089
607289
143549
384843
514848
281491
962935
494737
668194
194760
81884
123231
580352
322925
978780
487385
701738
482686
898316
184848
616220
281066
64484
312504
589578
443007
41156
991240
762453
792818
307696
764564
331493
139863
589669
659670
941712
620272
848415
968083
284255
562216
298115
191774
641470
213919
46108
917400
951876
506129
969550
636793
273103
966102
71168
953754
724108
347461
298321
207535
353477
944276
130333
542694
716104
127683
394214
914244
505000
159915
633853
201019
843166
49236
750084
705345
590193
810890
747598
485511
7070
314977
455363
21115
67046
627509
377303
972991
736303
373821
411125
338015
861454
243501
773306
979700
307832
374782
414123
560941
787841
42208
677159
367751
190905
761552
816593
8371
731804
877319
59940
704042
171499
875076
656396
625265
946977
621516
421446
780800
841291
528436
248375
172253
636943
55985
826317
345458
968119
672702
115483
774919
694235
814170
23614
399535
934659
197020
216453
905984
506520
470246
316309
467029
36687
729664
952867
300559
721417
428405
737722
145076
890198
376463
564005
589437
17540
431365
543800
441804
555688
45556
564537
451067
68573
289849
733019
249017
642485
863434
965359
424361
738136
425979
296371
461377
317830
84113
436538
575413
341196
23730
870484
963887
455586
911738
237383
152978
203296
751447
346783
211827
395328
588180
131565
64029
235135
216101
865877
683159
537531
789466
453980
539650
936295
72777
665569
385744
308
773910
182211
150412
265794
21737
285080
719057
996658
802258
705174
827637
162978
499439
959166
767115
82774
338674
620144
831725
68032
694905
898576
666317
960052
496000
828858
826797
730622
962313
561419
712169
61418
24661
447214
368971
574027
898231
226327
921025
965346
495894
362897
446955
373498
495918
565322
243089
296584
271850
622834
870239
784050
173795
670817
709380
82866
653971
674342
768489
699659
987373
125672
403716
311219
389347
173633
372215
569640
688834
345269
925221
339909
182758
390217
780715
870850
901410
222941
789177
682394
609134
454657
812907
686485
53880
672390
762866
636001
786414
479902
84325
284498
644027
956837
873164
113777
276334
102862
711594
816216
977580
899640
337019
569174
728994
724912
977654
978140
445906
926054
994264
803320
806512
730582
253183
692129
447160
189110
19924
425347
494684
478922
136114
496113
725908
250437
770616
582744
290017
880341
151740
71685
673637
870842
74606
278147
96547
438015
39370
850118
581469
347546
59797
81768
706976
75914
690776
143743
849754
377162
71806
710458
244362
302986
92114
460676
341370
16129
124513
15077
666080
271359
498008
989945
546672
550581
758561
289719
285039
285412
970077
836420
136768
891764
738409
254884
367058
789708
363846
415628
503294
803965
603403
168449
514926
920956
230354
10347
920011
949227
93541
178939
728045
387004
851636
784305
130455
671605
750027
253886
475173
829176
762834
35453
721366
129891
49644
151965
467298
742055
225263
795321
792809
768872
39090
713013
588632
10715
531699
428330
543110
951135
321083
599439
798595
641366
858382
658277
452075
180557
584267
614798
127130
444473
144354
687277
504757
724587
436674
259527
684069
197062
448599
113638
232477
141121
692998
147012
320764
75992
846150
508418
665375
695589
552558
108102
146630
512364
574154
51705
262267
939277
47204
438777
90238
186841
797353
694993
476549
954240
741509
609261
525102
289072
86515
921443
640490
780251
648744
112375
939419
855692
684538
818552
705846
355826
682614
1534
377434
751055
289164
240760
288848
839652
868779
316108
860052
455353
187511
527431
194481
313932
518516
475563
944631
22319
243299
914826
750142
935835
10672
134495
472626
755202
703376
973408
208774
935041
937449
646180
140321
841776
239509
534525
860158
31532
301952
102619
475535
135
105112
146155
974389
249874
535254
483871
190449
951879
98133
981916
560526
989666
920170
106187
580550
194192
495233
367691
180574
219230
453812
144295
871450
805593
918282
495302
401061
460760
93190
692139
12751
426799
877226
132620
667743
603719
373600
528117
532249
786637
421777
114518
30961
756605
118193
873487
221749
859124
867937
924315
269000
757344
645943
577033
314156
775192
386231
216374
417369
629438
137419
29735
753744
652699
485574
726740
691939
237961
17415
1287
618221
792607
972952
784805
513243
162532
809483
939781
348480
678482
340688
522929
757642
686880
784355
777719
337624
704042
261060
488577
498647
30524
759746
533103
782148
679248
693902
6075
451099
463633
507340
674752
555811
999900
379846
919671
67846
956329
223368
253539
958069
506270
216504
761398
134726
420640
595986
356432
306088
244352
136524
834227
433981
168638
333570
533840
131368
818056
581895
66158
149158
909602
575227
56469
854820
568130
748975
201243
823640
979358
284898
316961
597055
70438
371876
572838
678557
116902
916544
481876
70251
619619
589897
384095
787288
543457
225099
654318
369663
485415
508001
278021
823306
963080
394598
540679
580807
353411
81470
39274
922761
921127
702490
902157
814057
403538
477715
46729
882
379084
686320
871508
725873
315244
503848
601183
890641
284311
72148
408078
20497
481200
643197
904846
822674
755765
611659
519008
275943
625015
683443
392776
827609
919223
753015
134834
308267
146190
310073
216125
178770
787144
436165
27453
841381
559048
947171
662955
981950
628571
996473
829439
507319
57161
544502
998033
143071
850005
594969
18544
104772
368343
38872
130891
403439
917243
55922
344954
371661
779764
593460
149489
711460
294278
582766
191699
559425
580798
657600
451603
555462
895401
558024
603569
578392
757623
841297
912076
62037
596483
428777
976433
563911
569421
603411
316204
826198
74376
82582
759994
513077
169199
766464
847985
769906
839484
710274
984879
396631
410337
671137
233950
994556
558019
236086
206379
975338
719761
310014
899311
966640
896650
411629
235115
80907
634834
821099
926589
845590
988654
183694
860783
133808
957985
188236
318186
319396
386082
447912
370820
611291
582998
403170
659722
714342
856835
450410
853365
815041
644759
752690
955846
654953
444615
462194
940022
977567
759738
814015
527166
357579
583195
113623
902003
288234
846549
946801
569098
659966
368315
262552
555498
253528
22491
858487
610432
823255
117738
464053
965540
529553
547742
708717
653265
656016
250580
558082
830135
454860
334124
417282
801322
755678
679598
260188
382054
702391
663327
273629
105315
400552
943128
611849
638002
663896
615200
671320
29415
531596
567114
526288
180066
343993
37201
342581
957937
588574
8113
734793
505448
907291
931203
55864
258887
711475
267086
119149
703471
98494
962237
621941
788866
125963
476339
320872
90845
455217
364770
691755
47630
517890
654152
894305
390688
108591
982291
525145
919776
405750
699182
588916
410528
886082
395691
871175
963565
955178
965544
940505
978501
488884
285419
103396
849653
640180
406985
899056
96152
421099
258037
440151
331177
575416
148122
983648
479680
117687
596307
55274
790346
945779
990396
463518
968484
174158
260080
122265
264290
605386
230670
128277
115165
431427
714774
565024
536826
7125
974559
359710
580752
305286
662640
467054
480537
352477
890397
539973
960370
459360
275799
27781
337021
967706
126182
796449
758883
486985
485889
802446
807591
146400
193503
472740
719015
755760
392006
505161
993984
697850
361419
350096
743526
743571
555527
10072
929763
212209
89692
614813
236879
772123
862666
121081
53064
180212
357225
873484
675699
508511
154940
903369
687365
604281
415223
807043
940335
466487
149586
907561
516609
304964
911624
315186
200985
600754
629815
277194
830066
80985
134083
689872
420493
817590
983911
883832
984470
304712
501175
133750
214732
606855
49663
868652
304910
675683
679818
52776
868225
771049
38882
223076
486785
607317
649044
899791
200707
487402
623331
241400
998552
640582
814758
419836
457949
559436
861826
908699
201932
521968
837329
303443
803070
27776
889915
394196
163865
98626
963060
222384
255166
531115
807369
539488
876303
202936
78730
924476
197531
412786
151602
575038
4087
81227
563301
444425
742137
178886
24194
472493
966533
645931
15634
978102
352819
343373
332353
325463
750831
199099
534514
215205
351189
623546
270087
223604
114087
854169
73428
64678
713985
920952
339524
627264
839580
529787
852271
56099
61930
787300
277879
227034
955714
433465
469964
853089
278266
451952
945405
681158
883271
854122
451470
39020
966584
200058
903183
323519
750068
816949
388152
328492
195089
596976
489118
987204
187922
509154
864620
792679
90671
496536
678542
221912
27927
830533
772444
781996
487693
227332
250708
956128
125576
674772
832633
982995
365888
136945
119329
714515
130499
280379
724035
4207
654447
159052
545801
203766
895846
41777
770558
879390
819423
408070
793902
418730
718000
488861
137505
35348
322644
400749
625115
595647
668901
872642
829945
635112
967983
448937
461543
873965
636563
410892
296400
581401
739813
34133
692577
25120
212997
507043
928381
72245
692986
677211
58560
876723
258827
993261
197946
944365
982828
18027
603617
941103
526993
846650
427638
45092
710957
88775
319085
719282
873148
183389
488818
232737
513751
189112
300846
247624
990077
286622
604960
53994
908381
77706
157320
712190
667961
79169
376220
687280
92452
40225
674164
373772
197843
466474
257590
76201
49476
177413
595799
760905
59880
889477
436021
798095
584595
955501
213212
593628
286793
17637
887531
865647
293724
122876
76684
79997
352189
132164
349591
682990
16597
571514
259680
57836
99156
579161
885389
599029
900700
523724
200452
672970
217561
997589
663206
347224
895317
629787
66429
932131
721304
376945
616677
235420
766865
294281
321885
47521
131713
543268
392119
243343
330589
466903
301808
331066
945046
433076
112470
685576
474337
264855
986932
184529
777882
714092
654594
579995
600503
253758
68503
288580
535859
436837
18824
334930
338481
685538
340123
227628
29749
685666
786271
655306
121400
31838
61842
915815
61796
855690
920479
783020
878154
121010
49493
644500
601749
47249
306022
664105
309000
84213
59910
184907
425351
714041
122583
520782
184532
613605
158202
521668
441713
754798
700393
914208
212448
199481
895137
285365
888235
223842
131321
387798
303123
914689
425484
274948
383788
654973
328706
838925
206333
200698
585823
484443
914719
704686
660915
683888
284092
832656
318675
819040
225892
463519
793330
173365
962252
672439
479210
731195
471532
121138
272227
769368
935193
23239
596368
584187
691056
439316
827027
713623
301736
598711
122596
920750
708990
752578
95165
404248
763975
137347
176353
867397
920888
43384
33239
904701
889781
913224
861723
758883
438351
237280
644332
257432
596746
869059
131998
846946
352085
607459
769682
142326
382869
475861
722364
179019
100071
149471
192203
499854
942363
509456
8834
255497
704455
474944
368028
148948
349614
743253
655862
363267
276737
77101
114640
349955
485687
55300
88896
274891
545528
43301
164658
667185
551153
984109
350960
286913
430623
978003
464153
802566
147252
526971
484875
81725
995258
634874
772210
318641
620498
171409
710687
603575
356232
318040
356318
928747
587118
672588
689143
538187
568079
231208
671697
660280
866708
724440
430540
515940
635025
686974
838777
289836
665610
192977
598697
841909
310731
811301
708944
884984
33541
463578
187255
981474
568709
322658
138638
117686
532174
293501
607459
618119
421451
884109
604458
300854
195373
340242
560070
455
584552
536466
952427
947877
709082
30523
347850
674668
590727
809508
21539
281230
222909
703739
179470
159507
656726
992725
570715
178167
304516
929843
930494
992970
552175
394697
132517
325526
867060
535919
739285
258104
767498
215432
629671
507063
328295
851741
704021
733867
147364
83065
78315
745336
386206
894050
697128
465057
386686
718205
508219
715597
96103
919205
907414
643688
595159
734596
269268
971066
372840
403310
460103
819320
432016
738255
938699
987403
843162
827411
438312
705542
20056
360639
536399
214511
541050
182661
625933
488534
288691
302896
605697
905510
160067
193722
706703
840219
114288
447904
163530
204680
501110
888973
704280
542592
932368
835557
671706
828528
490840
761484
23266
129548
880113
31110
86189
511942
670185
792872
188802
509466
245663
227718
997525
441452
522251
878856
380279
873515
879335
935703
571860
207111
44787
525648
361093
173085
455346
854868
554399
952329
297344
739333
388688
733405
790645
549662
530716
2858
69810
448455
848693
117669
756645
719734
739529
588656
133414
812687
426479
663144
819018
674729
592494
346272
743854
953402
727428
578376
344780
656701
813732
783171
817978
645852
175646
172088
936903
250074
259493
660433
973671
96302
739410
775905
266760
541968
75509
892811
609952
925819
297784
810956
133844
618571
223853
4221
562788
682402
416602
437680
300632
128697
373149
175762
821561
622209
562595
912538
476658
276022
604599
294314
1811
406026
643110
119103
79891
897257
4495
381280
255800
917595
917393
867052
815773
978735
692039
727506
860474
641714
881489
993278
958078
355105
319064
922416
199781
437269
313353
567907
197538
314723
508503
813515
189514
7807
4834
832061
681220
30154
911109
920026
734245
408221
822483
73343
278272
337545
344000
106603
305516
570777
576794
710472
406776
555002
631518
974532
941884
394890
921208
340057
988071
469346
244343
141321
191247
579611
228664
391254
702234
128703
932391
634559
773594
613884
300120
242080
813196
272840
879027
545422
104441
747179
804342
366529
399683
135107
864470
169803
174208
609500
664688
325682
632886
139696
894145
491500
580863
923785
464186
282927
950299
505079
554890
463679
139190
992859
108
345328
288195
538283
825032
591437
596076
855366
597811
84577
604637
371868
573558
290806
571414
127027
593634
88864
317102
491855
958380
680987
782968
430093
339514
685057
231368
778253
23780
647595
446097
606366
595248
324126
23165
652723
802508
970493
463764
694154
308920
583370
794863
424777
17595
901269
946562
281419
181800
149163
282484
853358
402
481455
656056
468096
756258
269719
927809
708011
783853
467670
920970
575467
241710
422455
529216
112602
110500
494564
280143
87272
687008
523866
892611
63882
551799
259157
354862
783746
523759
213087
205015
152714
229652
466036
100468
55421
314468
428916
468028
989818
908281
759573
247996
859816
591585
662128
182094
873365
706516
962543
632048
182449
865000
299608
386272
780236
900275
97742
434240
568029
422091
13601
551400
621133
844623
334940
101756
656205
55075
946431
545488
64706
329820
361469
744999
244754
710581
363419
626014
82986
305144
113437
822203
478130
231654
101579
541817
35491
71843
940976
494816
653933
603362
277564
527166
625146
921864
17065
917635
300699
489605
293987
371637
186600
59067
337901
64332
139490
409430
631971
224403
883720
776423
640134
267410
31559
936450
882597
844240
180792
77780
568757
454393
412239
826545
696175
796235
30535
909109
751201
205256
494885
1734
370410
492072
313569
183882
784598
387614
788195
41950
725784
744591
412686
504709
834668
543936
724626
204913
850225
770736
178032
815146
91716
20558
387731
592363
189061
238559
653531
837947
403245
184879
691085
761162
175821
575789
120659
207441
247855
607785
718458
631757
815141
966355
164100
819706
494629
335505
195310
462195
802121
84073
915413
437285
7460
21565
211461
484165
121455
56591
482770
775613
54222
951379
994179
959696
648356
729931
729869
955473
141716
272429
583505
191800
724855
287685
986614
330516
922314
38573
695460
983721
401286
383549
819887
993184
982594
606694
113864
310532
131763
556318
226600
798263
582566
81910
886434
290029
201355
815090
201529
667939
31534
366329
389273
201629
937465
204818
381792
34133
216574
304293
4336
595022
977700
409131
114218
457695
756278
893126
12772
21083
339306
173696
234747
358295
831363
869116
748813
783808
490162
440034
108358
941012
851823
278086
330293
436498
187571
730937
236917
765718
55861
757252
182851
526901
972645
752075
904780
520369
390796
715722
244494
845682
938940
809857
577469
468629
825698
144970
719477
460639
279839
279338
573478
192162
81931
692582
59749
624215
782072
787812
14525
449725
648580
282516
677099
320662
245291
751152
184271
400031
163540
343200
583610
234472
569645
487363
566027
933907
402827
133136
316802
961563
487119
291090
519168
41475
30731
971524
546981
619024
74769
621313
808021
363789
721030
259327
656559
181474
508669
881947
397415
541384
194602
487037
105131
137104
709096
906824
411198
853022
450195
770040
720609
423012
145470
27611
250258
220258
758586
144549
357361
247653
491213
347
709922
168337
201545
660653
448038
608277
999269
279029
388344
394577
438521
122151
526170
497538
248843
156941
932145
680016
351802
805631
734033
120499
720800
237426
656770
443214
441422
446004
526405
914443
646826
632884
577016
571421
686353
803181
611265
552167
70723
797378
38183
77147
556271
918725
632043
229744
704383
878312
859716
920836
922814
484143
206978
583980
401305
852055
170432
44762
88881
488337
638862
673609
284295
931100
383390
835157
653473
293381
365843
689289
945730
108464
748559
241421
592082
72161
314374
425220
676068
741197
372779
556054
828042
251340
140939
454921
824161
448112
485878
307537
13942
149297
497577
157769
513025
247505
371232
469408
698997
847104
838484
776292
855380
178833
231134
678425
694093
125834
150963
97258
585973
872042
429477
629022
169505
485902
30590
390504
705469
502015
497976
748923
134017
68173
185190
535437
387222
594597
455077
270011
570777
729928
182388
292206
739918
882874
644620
868711
765778
635063
915022
703871
892644
307670
758590
992826
683332
57556
618375
837154
155472
171705
712898
458880
647191
925898
852357
750431
113829
86733
411365
211126
173457
539688
797439
663003
590354
806913
237648
892577
951646
311832
972653
716463
563336
119216
937636
602795
734494
444888
706757
816149
844812
286856
124230
435205
407157
780300
212623
782487
179261
86018
872651
860805
709603
142578
366019
930016
13
501527
683403
546553
662751
877077
877972
806614
646440
352274
118783
488834
998832
888448
309233
717241
572174
123201
954892
572249
267490
8125
581408
358481
967587
147660
922432
668150
298900
491965
843905
726298
871433
425077
138384
269531
952050
644426
294947
893797
712763
107447
93101
687695
327702
48297
974856
334003
145201
661555
112509
210916
149439
4829
301255
865062
485553
482353
387325
561525
652307
442428
688160
418846
768411
116330
248390
199088
346171
455520
883039
598498
729585
562984
830741
212040
245261
515412
47228
826606
426452
889682
974199
775848
864552
520984
956863
328034
502645
670341
640981
133898
828015
711836
893787
121595
976225
389846
173806
313870
751020
844321
69158
848556
635785
696444
777318
27648
233022
531730
536743
314576
970692
761442
442428
239584
801186
956939
587550
558951
63917
567165
514326
91507
922733
387442
459789
702912
775675
871808
842840
191942
388756
230587
892003
38831
869269
277363
490846
571127
207413
977330
152043
793699
18964
835937
522839
618902
632873
963059
906232
438719
552
524065
646072
659372
891478
821592
964074
711929
679919
506232
531494
294166
313368
598541
789986
853264
789601
983894
958608
411562
976807
804505
757773
472054
724818
4770
569033
617030
225529
495058
575611
734995
782688
932137
598064
641094
497124
698292
928736
509242
716607
37718
607227
19905
862847
387206
346223
654820
326839
633088
617540
515973
37141
827152
476054
33092
413023
155489
329382
162724
426229
963354
81659
949433
571902
791902
695156
564215
287535
648485
991709
564639
169525
360250
836029
340562
786920
295532
208733
791703
591772
534695
451758
500050
782439
457102
845377
845668
748729
898911
568017
668063
223911
830057
718054
583227
951016
435407
962015
959836
26210
456040
422637
443793
328672
509027
247022
90735
220674
379007
576073
977945
56966
386492
255464
66392
404274
742119
683829
581229
781683
478868
453223
187245
623234
626988
795231
591488
553486
212229
356518
637461
657749
361048
349310
832017
874521
264248
142814
736135
339282
553125
162255
607934
8124
189044
697761
365691
28421
21236
65774
362121
197156
259431
319308
264213
170234
486884
588801
581658
824902
335947
308903
962676
404420
923645
125831
478261
256765
777801
280524
844570
589861
236777
530983
337886
166745
954963
99893
58788
666244
164020
400554
851799
113637
533594
555146
42787
585995
167859
938291
513758
345686
864165
732312
719187
168227
339505
150548
540292
746958
751118
677539
808185
964213
367169
523207
161642
610726
404265
206215
729604
525903
285954
550199
782234
370136
906444
884464
625157
676961
170135
341615
705695
842095
609840
593406
757899
574067
527494
860821
273654
894214
99209
345142
492706
76185
412895
784504
774699
721212
913047
965895
59320
933403
258229
751576
681119
193469
56312
52475
642238
679448
832340
83392
286258
759344
950699
483641
718847
110055
402586
152942
991357
919340
614195
106183
125175
236545
821900
164419
689713
175640
356883
160948
502366
684699
395998
435392
824275
224740
136396
21559
13174
38361
796141
727021
923641
549680
276036
787725
979904
514290
698918
519537
686215
881892
943933
874015
36485
538570
663001
717677
67145
344983
753934
911356
129277
808158
973665
960084
901597
528464
7185
192660
825873
701230
590275
532549
812285
544054
480393
801872
467148
128036
2782
899084
205217
510956
745630
285790
855706
290669
434530
193184
111595
704317
163794
774491
769871
855011
359043
359333
545944
330571
751093
838512
12388
314082
498175
687929
2150
420765
624513
542959
859034
401508
118751
296492
257215
185262
109988
468807
290312
175374
571097
221934
614503
798069
518096
482043
317650
412335
665195
790377
466684
296899
894131
447837
870808
862334
17885
323868
333016
990723
976651
850942
792899
532343
373426
638640
173729
360015
765979
312077
741411
754654
757104
783602
533202
304861
95173
816140
911970
432115
12691
372295
516672
981635
676964
159717
520953
810827
59661
401636
361016
214479
731070
553959
446100
917201
253981
326462
740907
587789
198965
454280
378679
813794
772783
647578
916817
333516
726721
485873
885309
804607
603770
989367
736124
28394
821059
517428
290425
569841
792802
336101
34183
121650
317256
937108
229094
678104
639923
428158
590465
539060
438097
558387
810125
427372
383957
257410
312547
882005
17055
171741
16221
59867
319250
187362
562041
182866
566949
604508
176188
223266
347696
966349
456924
75340
556839
394230
577693
20943
160045
115184
550067
972139
716195
206384
734504
7514
434348
497489
315684
667079
646411
350210
686245
126591
716371
582863
642446
430415
400707
622037
588240
910109
950040
237379
339257
202070
60403
964321
836181
24833
7349
950543
68578
510969
588188
512371
164240
368491
881784
363149
392170
985488
422324
872454
36088
199265
673939
382532
41247
769476
552730
716543
750828
207511
282322
276261
290650
155823
632069
549832
247885
957555
295255
409195
241806
712829
687548
147346
3090
416871
856213
453315
619728
910126
895171
372839
237752
391323
531483
854732
379824
125104
720029
130124
146626
482949
818850
665627
29204
833629
158808
516480
466661
842519
239803
346012
27868
413178
958016
851953
921526
650226
575990
310382
511718
593477
262391
20162
520139
822164
29563
813040
539355
968994
916004
256193
837971
963080
158653
304168
931081
30394
871839
535158
826239
985973
244905
241253
606095
756011
188667
667462
816663
734508
475623
611972
262859
177421
821628
834879
116921
585531
123455
470683
885508
868396
531255
938626
395746
281271
248862
32557
896449
435351
945877
700852
246854
564454
154943
320233
335107
960612
124268
91838
842877
158222
779391
817121
726989
250697
99098
508287
516843
853102
748615
274450
508933
985306
551582
615967
712472
403015
360836
549155
68118
409869
289626
574251
684904
114309
743973
381067
96222
264073
61915
10867
188497
5117
49645
863601
24559
451289
676667
350152
42035
566477
298815
473875
491044
45832
384083
564965
663195
75171
205828
425264
486977
308385
874452
899358
778379
277894
695589
72969
351963
623084
138320
591024
599200
594045
308439
406721
651424
253460
662394
848304
98744
954100
761694
843051
692273
927428
29211
48981
936104
706112
522278
843470
731943
214694
70639
875716
442933
288859
802462
772865
488133
427578
167273
910574
266697
142319
947165
794202
560911
933019
259795
337959
741821
985721
329491
211935
297815
211931
852991
768812
943753
516378
523832
220878
168965
686752
684565
828212
629430
765216
341153
57315
823280
568904
771993
641966
580753
819492
573059
686851
354288
303829
858260
639569
147780
682396
995726
200634
924779
911048
391794
38297
124057
971225
558358
571428
676379
932428
368382
498699
885209
266376
259501
869577
556889
266292
597003
229962
932240
895267
296082
55117
463589
156221
9257
88677
699286
594115
279273
28470
897025
708856
688172
578729
639177
835558
768869
995026
130536
113719
898368
667896
789029
984996
536431
731528
320037
728148
690358
356943
2457
907773
997467
201771
911145
219137
3411
503140
144646
620306
595617
24791
698410
824947
542309
592170
795765
930840
149093
410925
647778
707537
746389
794274
676212
554188
639396
474295
719871
725274
351882
54427
824681
549283
565926
975333
528687
833637
920334
801856
532512
549458
898015
593882
692051
4264
702556
386896
768380
336852
813991
845322
126228
771551
419938
519766
128437
249909
749582
838991
976732
491991
881053
594674
452747
41939
536990
699409
151386
335447
622352
427027
929658
479833
636651
794260
32569
371807
404950
631299
125760
348130
746235
875032
254407
183843
150913
655653
627490
976142
114158
328156
959659
131443
89988
823899
357965
813689
855019
681484
211303
971721
360650
891502
275368
950222
309273
440012
27688
956251
309672
456890
808954
763434
99791
30219
860722
67687
636426
61411
276061
871785
559993
140800
116141
898504
645359
844203
683435
473570
220985
669234
288214
221420
209835
613324
418243
55938
307350
124260
533455
758935
823185
446389
234277
161669
189723
237284
146378
663709
14170
382485
786705
999726
273802
634757
351721
414512
7215
936191
904748
103111
3981
612889
459490
740713
185336
334508
510215
354121
634044
559524
160326
773018
188089
177723
235792
7560
536897
92880
968998
240800
181481
344177
9426
924168
178983
691619
27622
743349
586504
168059
918005
817282
922989
453859
134890
50606
758439
30317
640599
928674
955639
435750
653638
638130
605804
996359
223654
552559
306287
239118
93397
910350
717838
25963
520853
859943
377481
204696
970909
317010
52116
886983
565570
640260
565715
500162
939864
331765
185858
207632
766404
836163
443503
581704
439438
58195
215157
509404
543553
187116
983361
592176
241090
51853
522587
482515
28372
166124
675015
219477
666308
656604
11041
178048
866211
796814
197476
438365
831804
200834
9149
498032
455487
835512
371752
84550
102920
103928
984259
881656
78115
868989
556444
425049
168622
648125
128874
802355
955339
558811
476555
208354
899626
391489
239232
393118
647740
773788
93556
329243
337989
163605
941275
907912
588880
63496
489477
325163
937508
5027
822774
468499
915309
135763
906235
151431
912326
960478
966177
907866
376018
731474
96033
875767
636820
41095
885660
485194
765965
605353
528781
456293
624737
74408
571358
463413
586849
535827
84185
170392
424616
198233
966427
630864
970364
597725
61992
85184
629553
737487
986239
132699
754718
164767
470715
750195
578602
282014
349378